x<- 1:25
> print (x)
[1]  1  2  3  4  5  6  7  8  9 10 11 12 13 14 15 16 17 18 19 20 21 22 23 24 25
> matrix (x,nrow = 5,ncol = 5)
[,1] [,2] [,3] [,4] [,5]
[1,]    1    6   11   16   21
[2,]    2    7   12   17   22
[3,]    3    8   13   18   23
[4,]    4    9   14   19   24
[5,]    5   10   15   20   25
> a<- 1:45
> b<- array(a,dim= c(3,5,3))
> print (b)
, , 1

[,1] [,2] [,3] [,4] [,5]
[1,]    1    4    7   10   13
[2,]    2    5    8   11   14
[3,]    3    6    9   12   15

, , 2

[,1] [,2] [,3] [,4] [,5]
[1,]   16   19   22   25   28
[2,]   17   20   23   26   29
[3,]   18   21   24   27   30

, , 3

[,1] [,2] [,3] [,4] [,5]
[1,]   31   34   37   40   43
[2,]   32   35   38   41   44
[3,]   33   36   39   42   45